-3.526487853378057480e-03
-8.277026936411857605e-04
-9.814483346417546272e-04
2.600482199341058731e-03
-4.997414071112871170e-03
5.394981708377599716e-03
-2.111512236297130585e-03
4.593055695295333862e-03
-1.021444797515869141e-02
1.711359620094299316e-02
-8.804200217127799988e-03
6.450823508203029633e-03
-1.189671177417039871e-02
1.118879113346338272e-02
-3.429253399372100830e-02
-7.728397846221923828e-02
-2.527948319911956787e-01
-2.264918386936187744e-01
-4.016369208693504333e-02
-1.540656089782714844e-01
-1.566094458103179932e-01
-1.113404929637908936e-01
-4.887653887271881104e-02
7.257036864757537842e-02
2.652167975902557373e-01
5.278376936912536621e-01
7.257825732231140137e-01
1.609966158866882324e-01
8.293705061078071594e-03
5.643593668937683105e-01
7.895232439041137695e-01
7.524519562721252441e-01
7.225212454795837402e-01
6.815039515495300293e-01
6.696538925170898438e-01
5.335875153541564941e-01
4.563489258289337158e-01
5.325349569320678711e-01
3.158930540084838867e-01
1.707348376512527466e-01
-8.192357420921325684e-02
-3.624436259269714355e-01
-7.352691292762756348e-01
-9.981974363327026367e-01
-9.900165200233459473e-01
-9.384701251983642578e-01
-9.109884500503540039e-01
-8.869191408157348633e-01
-8.472460508346557617e-01
-8.159521818161010742e-01
-7.746369242668151855e-01
-7.781429290771484375e-01
-7.334970831871032715e-01
-7.096987962722778320e-01
-6.639779210090637207e-01
-6.384163498878479004e-01
-6.011364459991455078e-01
-5.843935608863830566e-01
-5.430599451065063477e-01
-5.121013522148132324e-01
-4.587188661098480225e-01
-2.360640913248062134e-01
2.831132896244525909e-02
2.795142233371734619e-01
4.988770782947540283e-01
7.102947235107421875e-01
9.045056700706481934e-01
1.023788928985595703e+00
9.921535849571228027e-01
9.567968249320983887e-01
8.784250617027282715e-01
8.366544842720031738e-01
8.405240774154663086e-01
8.036953806877136230e-01
7.461998462677001953e-01
6.264060139656066895e-01
5.038962960243225098e-01
3.589496016502380371e-01
2.167323231697082520e-01
4.771307855844497681e-02
-1.017913520336151123e-01
-2.588027715682983398e-01
-4.014015197753906250e-01
-5.551988482475280762e-01
-6.787509918212890625e-01
-8.021081089973449707e-01
-8.411117196083068848e-01
-8.354938626289367676e-01
-6.880581974983215332e-01
-5.771340727806091309e-01
-6.264385581016540527e-01
-5.600451231002807617e-01
-4.923898577690124512e-01
-3.941195905208587646e-01
-3.029503524303436279e-01
-1.934214979410171509e-01
-8.121082931756973267e-02
5.375730618834495544e-02
1.795205026865005493e-01
3.073025643825531006e-01
4.341859817504882812e-01
5.571151375770568848e-01
6.595858931541442871e-01
7.541709542274475098e-01
8.395469188690185547e-01
8.988211750984191895e-01
8.854575157165527344e-01
8.482853770256042480e-01
8.138114809989929199e-01
7.682654261589050293e-01
7.280222177505493164e-01
6.709926724433898926e-01
6.543648242950439453e-01
5.802816152572631836e-01
4.943244755268096924e-01
3.929611742496490479e-01
2.938937544822692871e-01
1.895615905523300171e-01
7.958924025297164917e-02
-4.063661769032478333e-02
-1.593098044395446777e-01
-2.731972336769104004e-01
-3.907503485679626465e-01
-4.955438673496246338e-01
-5.925304889678955078e-01
-6.822906732559204102e-01
-7.646907567977905273e-01
-8.385393023490905762e-01
-8.905556201934814453e-01
-9.147124886512756348e-01
-8.952946662902832031e-01
-8.528173565864562988e-01
-8.138181567192077637e-01
-7.108544111251831055e-01
-6.553207635879516602e-01
-6.122062802314758301e-01
-5.400034785270690918e-01
-4.637722671031951904e-01
-3.816883862018585205e-01
-2.983784973621368408e-01
-2.108402401208877563e-01
-1.189232468605041504e-01
-2.287245541810989380e-02
6.877835839986801147e-02
1.599580645561218262e-01
2.457941323518753052e-01
3.319530487060546875e-01
4.105331301689147949e-01
4.839812219142913818e-01
5.510184168815612793e-01
6.143255829811096191e-01
6.687235236167907715e-01
7.169163823127746582e-01
7.522672414779663086e-01
7.743281126022338867e-01
7.850127220153808594e-01
7.861888408660888672e-01
7.741849422454833984e-01
7.596538066864013672e-01
7.278020381927490234e-01
6.950395703315734863e-01
5.835958719253540039e-01
4.712086021900177002e-01
4.366437494754791260e-01
3.780695796012878418e-01
3.145713806152343750e-01
2.406003028154373169e-01
1.656711101531982422e-01
8.224648237228393555e-02
-3.975854255259037018e-03
-9.359780699014663696e-02
-1.824226677417755127e-01
-2.650034129619598389e-01
-3.450846970081329346e-01
-4.203040003776550293e-01
-4.904868900775909424e-01
-5.536864995956420898e-01
-6.156623363494873047e-01
-6.700732707977294922e-01
-7.198618054389953613e-01
-7.579681277275085449e-01
-7.899401187896728516e-01
-8.083188533782958984e-01
-8.105974197387695312e-01
-8.042706847190856934e-01
-7.893415689468383789e-01
-7.688876390457153320e-01
-7.404124736785888672e-01
-7.096202969551086426e-01
-6.696874499320983887e-01
-6.159105300903320312e-01
-5.146462917327880859e-01
-4.254603683948516846e-01
-3.834376037120819092e-01
-3.253897726535797119e-01
-2.635825574398040771e-01
-1.966633498668670654e-01
-1.266126930713653564e-01
-5.107096210122108459e-02
2.543904259800910950e-02
1.011138036847114563e-01
1.744755655527114868e-01
2.469490468502044678e-01
3.142778873443603516e-01
3.778639137744903564e-01
4.390556216239929199e-01
4.921623766422271729e-01
5.435826182365417480e-01
5.887138843536376953e-01
6.299880743026733398e-01
6.647611856460571289e-01
6.932359933853149414e-01
7.155375480651855469e-01
7.334146499633789062e-01
7.419062256813049316e-01
7.424377202987670898e-01
7.352308034896850586e-01
7.197124958038330078e-01
6.981113553047180176e-01
6.721928119659423828e-01
6.413177847862243652e-01
6.071026921272277832e-01
5.711851716041564941e-01
5.318309664726257324e-01
4.911020696163177490e-01
4.468643367290496826e-01
4.001934230327606201e-01
3.349065780639648438e-01
2.624860107898712158e-01
2.159808576107025146e-01
1.717516183853149414e-01
1.188911646604537964e-01
6.187704578042030334e-02
9.099635062739253044e-04
-6.061523407697677612e-02
-1.250806748867034912e-01
-1.887324750423431396e-01
-2.502609193325042725e-01
-3.084453046321868896e-01
-3.638895750045776367e-01
-4.159883558750152588e-01
-4.643844366073608398e-01
-5.082529783248901367e-01
-5.476087927818298340e-01
-5.831882357597351074e-01
-6.137029528617858887e-01
-6.392796635627746582e-01
-6.612271070480346680e-01
-6.771689653396606445e-01
-6.895701289176940918e-01
-6.976045370101928711e-01
-7.012748122215270996e-01
-6.990653276443481445e-01
-6.914857625961303711e-01
-6.774099469184875488e-01
-6.581528782844543457e-01
-6.343627572059631348e-01
-6.062937378883361816e-01
-5.761556625366210938e-01
-5.433047413825988770e-01
-5.087771415710449219e-01
-4.717872142791748047e-01
-4.348538517951965332e-01
-3.945880830287933350e-01
-3.478643894195556641e-01
-2.804557085037231445e-01
-2.138951122760772705e-01
-1.675226390361785889e-01
-1.190141811966896057e-01
-6.477100402116775513e-02
-1.051848847419023514e-02
4.536207020282745361e-02
1.042508110404014587e-01
1.635567694902420044e-01
2.227848470211029053e-01
2.797243893146514893e-01
3.344705104827880859e-01
3.859962224960327148e-01
4.343103766441345215e-01
4.795100390911102295e-01
5.197201371192932129e-01
5.555230975151062012e-01
5.874735713005065918e-01
6.150979399681091309e-01
6.374200582504272461e-01
6.544278860092163086e-01
6.669752001762390137e-01
6.741048097610473633e-01
6.761944890022277832e-01
6.729708313941955566e-01
6.644481420516967773e-01
6.505605578422546387e-01
6.308882832527160645e-01
6.076177358627319336e-01
5.805343389511108398e-01
5.503428578376770020e-01
5.186306834220886230e-01
4.854497611522674561e-01
4.511049687862396240e-01
4.169059991836547852e-01
3.823931813240051270e-01
3.477860391139984131e-01
3.137310147285461426e-01
2.802951931953430176e-01
2.467263042926788330e-01
2.141628861427307129e-01
1.814443916082382202e-01
1.495440304279327393e-01
1.175773143768310547e-01
8.474534749984741211e-02
5.109634250402450562e-02
1.794889010488986969e-02
-2.222663350403308868e-02
-7.138102501630783081e-02
-1.188403367996215820e-01
-1.660967767238616943e-01
-2.073069512844085693e-01
-2.470101863145828247e-01
-2.890230715274810791e-01
-3.303357362747192383e-01
-3.704808354377746582e-01
-4.106298983097076416e-01
-4.509386420249938965e-01
-4.890204071998596191e-01
-5.254923701286315918e-01
-5.590462684631347656e-01
-5.895102620124816895e-01
-6.160029172897338867e-01
-6.393328905105590820e-01
-6.585695147514343262e-01
-6.741970181465148926e-01
-6.858786344528198242e-01
-6.938495635986328125e-01
-6.978583335876464844e-01
-6.984190344810485840e-01
-6.948155760765075684e-01
-6.853458285331726074e-01
-6.702033281326293945e-01
-6.503015160560607910e-01
-6.261113882064819336e-01
-5.981776118278503418e-01
-5.679869651794433594e-01
-5.353600978851318359e-01
-5.020137429237365723e-01
-4.677957892417907715e-01
-4.330691695213317871e-01
-3.982557654380798340e-01
-3.637954890727996826e-01
-3.294974267482757568e-01
-2.953388392925262451e-01
-2.619017660617828369e-01
-2.290948033332824707e-01
-1.967313885688781738e-01
-1.648558527231216431e-01
-1.338310688734054565e-01
-1.025181561708450317e-01
-7.172516733407974243e-02
-4.069643467664718628e-02
-1.015726476907730103e-02
2.053301967680454254e-02
5.126465484499931335e-02
8.528655767440795898e-02
1.268991231918334961e-01
1.717911660671234131e-01
2.125257104635238647e-01
2.456739693880081177e-01
2.788762450218200684e-01
3.133220672607421875e-01
3.477541506290435791e-01
3.824358582496643066e-01
4.159436225891113281e-01
4.483174383640289307e-01
4.786668419837951660e-01
5.066933035850524902e-01
5.317929983139038086e-01
5.543357133865356445e-01
5.747303962707519531e-01
5.928130149841308594e-01
6.077595353126525879e-01
6.190667152404785156e-01
6.267312169075012207e-01
6.316397190093994141e-01
6.331388354301452637e-01
6.321684718132019043e-01
6.283376216888427734e-01
6.203489303588867188e-01
6.085465550422668457e-01
5.924467444419860840e-01
5.723301172256469727e-01
5.487567782402038574e-01
5.233155488967895508e-01
4.957949817180633545e-01
4.663646519184112549e-01
4.353111088275909424e-01
4.016911387443542480e-01
3.664227128028869629e-01
3.334094285964965820e-01
3.018662333488464355e-01
2.706409692764282227e-01
2.409233301877975464e-01
2.117845267057418823e-01
1.833751946687698364e-01
1.557810753583908081e-01
1.279094815254211426e-01
9.991580992937088013e-02
7.305055856704711914e-02
4.668851196765899658e-02
2.150808274745941162e-02
-2.912617987021803856e-03
-2.632899209856987000e-02
-4.888678342103958130e-02
-7.028881460428237915e-02
-9.099157154560089111e-02
-1.107372939586639404e-01
-1.297121047973632812e-01
-1.476043611764907837e-01
-1.644058972597122192e-01
-1.803899258375167847e-01
-1.954068839550018311e-01
-2.104114145040512085e-01
-2.244228869676589966e-01
-2.409567087888717651e-01
-2.589271962642669678e-01
-2.781983017921447754e-01
-2.975999116897583008e-01
-3.165773749351501465e-01
-3.342929780483245850e-01
-3.495492339134216309e-01
-3.653862178325653076e-01
-3.809741139411926270e-01
-3.968158960342407227e-01
-4.120394885540008545e-01
-4.261680245399475098e-01
-4.391613602638244629e-01
-4.504668116569519043e-01
-4.599051773548126221e-01
-4.671272337436676025e-01
-4.734479486942291260e-01
-4.796785414218902588e-01
-4.840324521064758301e-01
-4.860531091690063477e-01
-4.857878983020782471e-01
-4.832422435283660889e-01
-4.787437617778778076e-01
-4.712599217891693115e-01
-4.607456028461456299e-01
-4.473667144775390625e-01
-4.308868050575256348e-01
-4.121128618717193604e-01
-3.912124931812286377e-01
-3.685806691646575928e-01
-3.445752263069152832e-01
-3.198526501655578613e-01
-2.950700819492340088e-01
-2.692243456840515137e-01
-2.415337562561035156e-01
-2.123753130435943604e-01
-1.836051344871520996e-01
-1.550886332988739014e-01
-1.286066025495529175e-01
-1.021812185645103455e-01
-7.518786936998367310e-02
-4.950946569442749023e-02
-2.370727807283401489e-02
1.399880042299628258e-03
2.561266161501407623e-02
4.805313050746917725e-02
7.066318392753601074e-02
9.315951168537139893e-02
1.135977283120155334e-01
1.326527148485183716e-01
1.502576917409896851e-01
1.667479872703552246e-01
1.820257604122161865e-01
1.962030082941055298e-01
2.093432992696762085e-01
2.214749753475189209e-01
2.326823920011520386e-01
2.428058832883834839e-01
2.522822022438049316e-01
2.610657811164855957e-01
2.701233029365539551e-01
2.791173160076141357e-01
2.906913161277770996e-01
3.058711588382720947e-01
3.212617635726928711e-01
3.341820240020751953e-01
3.438634872436523438e-01
3.538640737533569336e-01
3.643213212490081787e-01
3.751290440559387207e-01
3.857479989528656006e-01
3.957179784774780273e-01
4.049944877624511719e-01
4.128600060939788818e-01
4.193464517593383789e-01
4.239296019077301025e-01
4.273842573165893555e-01
4.306706786155700684e-01
4.325616061687469482e-01
4.326089024543762207e-01
4.309101402759552002e-01
4.274426400661468506e-01
4.222635626792907715e-01
4.151318967342376709e-01
4.058490693569183350e-01
3.940986096858978271e-01
3.804674148559570312e-01
3.645362854003906250e-01
3.470716178417205811e-01
3.282533586025238037e-01
3.084826469421386719e-01
2.879029214382171631e-01
2.665172815322875977e-01
2.449041008949279785e-01
2.232965677976608276e-01
2.010238319635391235e-01
1.791314631700515747e-01
1.573216766119003296e-01
1.338715404272079468e-01
1.075576394796371460e-01
8.076684176921844482e-02
5.585961416363716125e-02
3.224340081214904785e-02
9.198297746479511261e-03
-1.608234830200672150e-02
-4.000700265169143677e-02
-6.364206224679946899e-02
-8.586334437131881714e-02
-1.071546375751495361e-01
-1.289910227060317993e-01
-1.474483907222747803e-01
-1.639562547206878662e-01
-1.796104013919830322e-01
-1.929998546838760376e-01
-2.039806693792343140e-01
-2.149120122194290161e-01
-2.245030552148818970e-01
-2.324241399765014648e-01
-2.385713309049606323e-01
-2.437366843223571777e-01
-2.476791143417358398e-01
-2.503797113895416260e-01
-2.523388266563415527e-01
-2.533619999885559082e-01
-2.540651261806488037e-01
-2.544631958007812500e-01
-2.540840804576873779e-01
-2.535897791385650635e-01
-2.536590993404388428e-01
-2.521435022354125977e-01
-2.507766485214233398e-01
-2.507198452949523926e-01
-2.509616613388061523e-01
-2.520180940628051758e-01
-2.540991008281707764e-01
-2.566753327846527100e-01
-2.593601942062377930e-01
-2.612294256687164307e-01
-2.627988755702972412e-01
-2.644493877887725830e-01
-2.661372721195220947e-01
-2.679217755794525146e-01
-2.693482339382171631e-01
-2.706772685050964355e-01
-2.712776362895965576e-01
-2.728071808815002441e-01
-2.743909955024719238e-01
-2.748104631900787354e-01
-2.743368744850158691e-01
-2.725712358951568604e-01
-2.697679400444030762e-01
-2.657021582126617432e-01
-2.604856789112091064e-01
-2.541929185390472412e-01
-2.468901127576828003e-01
-2.384374886751174927e-01
-2.287913411855697632e-01
-2.179751396179199219e-01
-2.062082737684249878e-01
-1.932587325572967529e-01
-1.797042340040206909e-01
-1.652563810348510742e-01
-1.500326693058013916e-01
-1.345164626836776733e-01
-1.181862875819206238e-01
-1.003768667578697205e-01
-8.043030649423599243e-02
-5.794752389192581177e-02
-3.863283246755599976e-02
-2.314447052776813507e-02
-6.302507128566503525e-03
1.128421630710363388e-02
2.975418604910373688e-02
4.954757168889045715e-02
6.889020651578903198e-02
8.597180992364883423e-02
1.029223501682281494e-01
1.187685132026672363e-01
1.336521357297897339e-01
1.475626528263092041e-01
1.603350043296813965e-01
1.726770997047424316e-01
1.831884086132049561e-01
1.925167441368103027e-01
2.009705454111099243e-01
2.089063674211502075e-01
2.158146351575851440e-01
2.215452492237091064e-01
2.262268513441085815e-01
2.301392704248428345e-01
2.330890446901321411e-01
2.352217137813568115e-01
2.367592304944992065e-01
2.375339269638061523e-01
2.376847267150878906e-01
2.377258688211441040e-01
2.375028133392333984e-01
2.374056279659271240e-01
2.378969490528106689e-01
2.390763014554977417e-01
2.414253503084182739e-01
2.448548823595046997e-01
2.490675300359725952e-01
2.518948018550872803e-01
2.533288598060607910e-01
2.552263140678405762e-01
2.576875388622283936e-01
2.600909769535064697e-01
2.623597979545593262e-01
2.642167508602142334e-01
2.652894854545593262e-01
2.656337022781372070e-01
2.652134895324707031e-01
2.639710009098052979e-01
2.619418203830718994e-01
2.607685923576354980e-01
2.594395279884338379e-01
2.567958533763885498e-01
2.530004382133483887e-01
2.478829771280288696e-01
2.418249547481536865e-01
2.341967523097991943e-01
2.251984477043151855e-01
2.149634957313537598e-01
2.038750797510147095e-01
1.917590498924255371e-01
1.787265986204147339e-01
1.651062369346618652e-01
1.510322690010070801e-01
1.365803480148315430e-01
1.218558698892593384e-01
1.071256548166275024e-01
9.222880005836486816e-02
7.717309147119522095e-02
6.202176958322525024e-02
4.696449637413024902e-02
3.126980364322662354e-02
1.433097943663597107e-02
-4.660712089389562607e-03
-2.388110384345054626e-02
-4.050107672810554504e-02
-5.665327981114387512e-02
-7.327630370855331421e-02
-9.062146395444869995e-02
-1.081642955541610718e-01
-1.245120316743850708e-01
-1.414004117250442505e-01
-1.565133333206176758e-01
-1.702055335044860840e-01
-1.845030486583709717e-01
-1.971971541643142700e-01
-2.082055211067199707e-01
-2.181421965360641479e-01
-2.265280187129974365e-01
-2.333876043558120728e-01
-2.391898632049560547e-01
-2.437261492013931274e-01
-2.460068762302398682e-01
-2.475187629461288452e-01
-2.490481436252593994e-01
-2.489434331655502319e-01
-2.481584250926971436e-01
-2.463647276163101196e-01
-2.436064183712005615e-01
-2.404562085866928101e-01
-2.364245206117630005e-01
-2.316975295543670654e-01
-2.269569635391235352e-01
-2.226743996143341064e-01
-2.180078476667404175e-01
-2.131992131471633911e-01
-2.086449563503265381e-01
-2.034758776426315308e-01
-1.988266408443450928e-01
-1.942931413650512695e-01
-1.892428249120712280e-01
-1.854550242424011230e-01
-1.814079135656356812e-01
-1.771358102560043335e-01
-1.744439303874969482e-01
-1.720813214778900146e-01
-1.699731051921844482e-01
-1.683773547410964966e-01
-1.660646498203277588e-01
-1.637416332960128784e-01
-1.618047505617141724e-01
-1.593104749917984009e-01
-1.569015383720397949e-01
-1.559355854988098145e-01
-1.551568657159805298e-01
-1.536276042461395264e-01
-1.516820341348648071e-01
-1.488136649131774902e-01
-1.454484462738037109e-01
-1.414557844400405884e-01
-1.368537992238998413e-01
-1.316850185394287109e-01
-1.258504241704940796e-01
-1.194065287709236145e-01
-1.124738156795501709e-01
-1.049064546823501587e-01
-9.686408191919326782e-02
-8.841916173696517944e-02
-7.945223897695541382e-02
-7.002110779285430908e-02
-6.006155908107757568e-02
-4.993528500199317932e-02
-3.917653858661651611e-02
-2.827731519937515259e-02
-1.661680079996585846e-02
-4.300192464143037796e-03
1.061198860406875610e-02
2.567218989133834839e-02
3.852045163512229919e-02
5.043900758028030396e-02
6.017226353287696838e-02
7.075927406549453735e-02
8.301430940628051758e-02
9.532313048839569092e-02
1.068136468529701233e-01
1.177873238921165466e-01
1.282653510570526123e-01
1.386593878269195557e-01
1.473782062530517578e-01
1.552890241146087646e-01
1.630916744470596313e-01
1.696765124797821045e-01
1.764051616191864014e-01
1.822915673255920410e-01
1.873628944158554077e-01
1.920617967844009399e-01
1.958258748054504395e-01
1.980995237827301025e-01
1.997297704219818115e-01
2.013633996248245239e-01
2.022109627723693848e-01
2.026574760675430298e-01
2.024735212326049805e-01
2.015299946069717407e-01
2.000241875648498535e-01
1.982306987047195435e-01
1.961037516593933105e-01
1.936244219541549683e-01
1.922207772731781006e-01
1.908053308725357056e-01
1.893451660871505737e-01
1.879113465547561646e-01
1.875660568475723267e-01
1.869570463895797729e-01
1.862257122993469238e-01
1.866423189640045166e-01
1.858403682708740234e-01
1.849485933780670166e-01
1.840250343084335327e-01
1.831529885530471802e-01
1.820779293775558472e-01
1.808509826660156250e-01
1.792448759078979492e-01
1.772135496139526367e-01
1.748261600732803345e-01
1.719590723514556885e-01
1.701119393110275269e-01
1.678622364997863770e-01
1.646238863468170166e-01
1.605770587921142578e-01
1.554161161184310913e-01
1.492648571729660034e-01
1.420726776123046875e-01
1.340239495038986206e-01
1.251322180032730103e-01
1.157801374793052673e-01
1.058549210429191589e-01
9.559479355812072754e-02
8.510114997625350952e-02
7.444021850824356079e-02
6.369107961654663086e-02
5.288294702768325806e-02
4.213365539908409119e-02
3.144391253590583801e-02
2.063232846558094025e-02
9.997406043112277985e-03
-1.028139260597527027e-03
-1.208371389657258987e-02
-2.359386719763278961e-02
-3.633899986743927002e-02
-4.936221241950988770e-02
-6.245072558522224426e-02
-7.444704324007034302e-02
-8.550381660461425781e-02
-9.583940356969833374e-02
-1.065196469426155090e-01
-1.182173192501068115e-01
-1.294140517711639404e-01
-1.399619132280349731e-01
-1.500409096479415894e-01
-1.592887938022613525e-01
-1.682471930980682373e-01
-1.758695989847183228e-01
-1.833192855119705200e-01
-1.901820600032806396e-01
-1.954905390739440918e-01
-2.006091773509979248e-01
-2.043894380331039429e-01
-2.077075242996215820e-01
-2.106156498193740845e-01
-2.119711190462112427e-01
-2.120964974164962769e-01
-2.122347056865692139e-01
-2.114210426807403564e-01
-2.102017551660537720e-01
-2.087286561727523804e-01
-2.060441672801971436e-01
-2.031215876340866089e-01
-1.997903287410736084e-01
-1.960248947143554688e-01
-1.923863142728805542e-01
-1.883158385753631592e-01
-1.841321140527725220e-01
-1.801378279924392700e-01
-1.754137724637985229e-01
-1.709028929471969604e-01
-1.667526364326477051e-01
-1.624556332826614380e-01
-1.583264172077178955e-01
-1.542758345603942871e-01
-1.495202779769897461e-01
-1.455157548189163208e-01
-1.415652334690093994e-01
-1.372551172971725464e-01
-1.336303949356079102e-01
-1.305128335952758789e-01
-1.271333992481231689e-01
-1.234069168567657471e-01
-1.198661327362060547e-01
-1.159732714295387268e-01
-1.131354570388793945e-01
-1.105447188019752502e-01
-1.075510233640670776e-01
-1.043007895350456238e-01
-1.008215099573135376e-01
-9.711936116218566895e-02
-9.320272505283355713e-02
-8.911716938018798828e-02
-8.464729785919189453e-02
-7.976832985877990723e-02
-7.431729137897491455e-02
-6.862499564886093140e-02
-6.236432492733001709e-02
-5.595333874225616455e-02
-4.921411350369453430e-02
-4.224603623151779175e-02
-3.509985655546188354e-02
-2.780520915985107422e-02
-2.021687477827072144e-02
-1.252546254545450211e-02
-4.700543824583292007e-03
3.458191407844424248e-03
1.172044407576322556e-02
2.058470621705055237e-02
3.000666573643684387e-02
4.023073613643646240e-02
4.949652031064033508e-02
5.858137831091880798e-02
6.792549043893814087e-02
7.513844966888427734e-02
8.153584599494934082e-02
8.947401493787765503e-02
9.757987409830093384e-02
1.051458343863487244e-01
1.127190813422203064e-01
1.194669008255004883e-01
1.258900910615921021e-01
1.319207251071929932e-01
1.372665762901306152e-01
1.422191411256790161e-01
1.471066623926162720e-01
1.513786911964416504e-01
1.552049368619918823e-01
1.593438684940338135e-01
1.624056696891784668e-01
1.646957248449325562e-01
1.667070686817169189e-01
1.678038090467453003e-01
1.684102714061737061e-01
1.683261990547180176e-01
1.682110279798507690e-01
1.676271706819534302e-01
1.665170341730117798e-01
1.650481820106506348e-01
1.633127182722091675e-01
1.612548530101776123e-01
1.593717336654663086e-01
1.570343077182769775e-01
1.548562496900558472e-01
1.539451926946640015e-01
1.522194296121597290e-01
1.503574550151824951e-01
1.484088599681854248e-01
1.470863968133926392e-01
1.454879939556121826e-01
1.435559540987014771e-01
1.418692320585250854e-01
1.398185640573501587e-01
1.378925293684005737e-01
1.358974426984786987e-01
1.336792409420013428e-01
1.313388347625732422e-01
1.287192702293395996e-01
1.258197873830795288e-01
1.235263943672180176e-01
1.208967044949531555e-01
1.176276877522468567e-01
1.137130409479141235e-01
1.090706288814544678e-01
1.038448438048362732e-01
9.796101599931716919e-02
9.161114692687988281e-02
8.481716364622116089e-02
7.766638696193695068e-02
7.022178173065185547e-02
6.265021860599517822e-02
5.507700517773628235e-02
4.748237878084182739e-02
3.990019485354423523e-02
3.222889080643653870e-02
2.453764528036117554e-02
1.673501357436180115e-02
8.990205824375152588e-03
1.321895979344844818e-03
-6.584040354937314987e-03
-1.459221821278333664e-02
-2.283848263323307037e-02
-3.120004571974277496e-02
-3.971613571047782898e-02
-4.826009646058082581e-02
-5.672556161880493164e-02
-6.485702842473983765e-02
-7.236994057893753052e-02
-7.945494353771209717e-02
-8.654311299324035645e-02
-9.429695457220077515e-02
-1.016382426023483276e-01
-1.085527762770652771e-01
-1.153330504894256592e-01
-1.216045320034027100e-01
-1.277101486921310425e-01
-1.334782242774963379e-01
-1.386866420507431030e-01
-1.433606594800949097e-01
-1.479668319225311279e-01
-1.517567336559295654e-01
-1.554114520549774170e-01
-1.585104465484619141e-01
-1.607398688793182373e-01
-1.626071035861968994e-01
-1.638359278440475464e-01
-1.645583063364028931e-01
-1.646482795476913452e-01
-1.644864529371261597e-01
-1.635126769542694092e-01
-1.622429788112640381e-01
-1.610506325960159302e-01
-1.592565327882766724e-01
-1.567487567663192749e-01
-1.544599086046218872e-01
-1.523195058107376099e-01
-1.496249884366989136e-01
-1.468916386365890503e-01
-1.438595950603485107e-01
-1.405996829271316528e-01
-1.378188729286193848e-01
-1.346864402294158936e-01
-1.316345185041427612e-01
-1.281950771808624268e-01
-1.247333288192749023e-01
-1.215708106756210327e-01
-1.178205236792564392e-01
-1.144356280565261841e-01
-1.110055819153785706e-01
-1.076587364077568054e-01
-1.038817539811134338e-01
-1.003472805023193359e-01
-9.688129276037216187e-02
-9.354066103696823120e-02
-9.053869545459747314e-02
-8.692110329866409302e-02
-8.337271958589553833e-02
-7.958064973354339600e-02
-7.564679533243179321e-02
-7.138071209192276001e-02
-6.694124639034271240e-02
-6.224807724356651306e-02
-5.735034123063087463e-02
-5.233761668205261230e-02
-4.708316922187805176e-02
-4.170557484030723572e-02
-3.616696968674659729e-02
-3.059810027480125427e-02
-2.495617233216762543e-02
-1.927109993994235992e-02
-1.357692480087280273e-02
-7.870013825595378876e-03
-2.192272106185555458e-03
3.501897444948554039e-03
9.379210881888866425e-03
1.521301921457052231e-02
2.124342136085033417e-02
2.749942988157272339e-02
3.413165733218193054e-02
4.079249501228332520e-02
4.736340045928955078e-02
5.422011762857437134e-02
6.077855452895164490e-02
6.692788749933242798e-02
7.232415676116943359e-02
7.739135622978210449e-02
8.289229124784469604e-02
8.815471082925796509e-02
9.371538460254669189e-02
9.872607886791229248e-02
1.038336679339408875e-01
1.085180789232254028e-01
1.122069805860519409e-01
1.161655187606811523e-01
1.199167296290397644e-01
1.233677864074707031e-01
1.261908262968063354e-01
1.291341781616210938e-01
1.317413151264190674e-01
1.338108479976654053e-01
1.350949853658676147e-01
1.368608027696609497e-01
1.375275403261184692e-01
1.377769708633422852e-01
1.377474218606948853e-01
1.366103440523147583e-01
1.360323429107666016e-01
1.345664560794830322e-01
1.330901682376861572e-01
1.315024644136428833e-01
1.297603696584701538e-01
1.279190629720687866e-01
1.258572041988372803e-01
1.236777231097221375e-01
1.216962039470672607e-01
1.194734722375869751e-01
1.173488199710845947e-01
1.153586655855178833e-01
1.133936941623687744e-01
1.115071326494216919e-01
1.090967059135437012e-01
1.068352907896041870e-01
1.046968027949333191e-01
1.024858951568603516e-01
1.001681908965110779e-01
9.768874943256378174e-02
9.529863297939300537e-02
9.298183768987655640e-02
9.024836868047714233e-02
8.731416612863540649e-02
8.404921740293502808e-02
8.042540401220321655e-02
7.640340179204940796e-02
7.199656218290328979e-02
6.731297075748443604e-02
6.232635676860809326e-02
5.722599849104881287e-02
5.187183991074562073e-02
4.629468917846679688e-02
4.066441580653190613e-02
3.502173349261283875e-02
2.939290367066860199e-02
2.369370125234127045e-02
1.803754270076751709e-02
1.237420924007892609e-02
6.730396300554275513e-03
1.146322232671082020e-03
-4.553610924631357193e-03
-1.024104189127683640e-02
-1.591433584690093994e-02
-2.154841274023056030e-02
-2.717219293117523193e-02
-3.282953053712844849e-02
-3.836372867226600647e-02
-4.381914809346199036e-02
-4.921329021453857422e-02
-5.475584417581558228e-02
-5.982461199164390564e-02
-6.453257799148559570e-02
-6.945056468248367310e-02
-7.408908754587173462e-02
-7.896082103252410889e-02
-8.341584354639053345e-02
-8.779602497816085815e-02
-9.213849157094955444e-02
-9.601102024316787720e-02
-9.980415552854537964e-02
-1.030054837465286255e-01
-1.064096465706825256e-01
-1.098648533225059509e-01
-1.125642657279968262e-01
-1.150725334882736206e-01
-1.174344569444656372e-01
-1.192027553915977478e-01
-1.209307536482810974e-01
-1.220228970050811768e-01
-1.227664202451705933e-01
-1.233224496245384216e-01
-1.234727948904037476e-01
-1.235095858573913574e-01
-1.231607720255851746e-01
-1.226435080170631409e-01
-1.217108741402626038e-01
-1.206879466772079468e-01
-1.194944158196449280e-01
-1.181798502802848816e-01
-1.165704205632209778e-01
-1.147487983107566833e-01
-1.129280924797058105e-01
-1.114185974001884460e-01
-1.093456298112869263e-01
-1.067154109477996826e-01
-1.044868826866149902e-01
-1.021361872553825378e-01
-1.000306531786918640e-01
-9.747349470853805542e-02
-9.475776553153991699e-02
-9.220699965953826904e-02
-8.932989090681076050e-02
-8.651723712682723999e-02
-8.363597095012664795e-02
-8.045473694801330566e-02
-7.731349766254425049e-02
-7.414452731609344482e-02
-7.101894170045852661e-02
-6.755822896957397461e-02
-6.372105330228805542e-02
-5.983514338731765747e-02
-5.569411814212799072e-02
-5.153020471334457397e-02
-4.714663326740264893e-02
-4.274928569793701172e-02
-3.824054822325706482e-02
-3.363983333110809326e-02
-2.899976633489131927e-02
-2.432717010378837585e-02
-1.970248669385910034e-02
-1.507865451276302338e-02
-1.051079854369163513e-02
-5.944915115833282471e-03
-1.388286007568240166e-03
3.141504013910889626e-03
7.691914681345224380e-03
1.230377331376075745e-02
1.694718562066555023e-02
2.162256836891174316e-02
2.629549615085124969e-02
3.102498129010200500e-02
3.593010827898979187e-02
4.077260941267013550e-02
4.541089385747909546e-02
5.038770288228988647e-02
5.511078238487243652e-02
5.947418138384819031e-02
6.337966769933700562e-02
6.675539910793304443e-02
7.047859579324722290e-02
7.438532263040542603e-02
7.798131555318832397e-02
8.128295093774795532e-02
8.458878844976425171e-02
8.784059435129165649e-02
9.060350060462951660e-02
9.308769553899765015e-02
9.590569138526916504e-02
9.828679263591766357e-02
1.002388522028923035e-01
1.024185568094253540e-01
1.040674522519111633e-01
1.051880642771720886e-01
1.061664968729019165e-01
1.071398854255676270e-01
1.079567745327949524e-01
1.080003306269645691e-01
1.078368797898292542e-01
1.071632504463195801e-01
1.062733009457588196e-01
1.052676513791084290e-01
1.036707684397697449e-01
1.025065705180168152e-01
1.010901033878326416e-01
9.912592172622680664e-02
9.733722358942031860e-02
9.564087539911270142e-02
9.352222830057144165e-02
9.145366400480270386e-02
8.947072178125381470e-02
8.722627162933349609e-02
8.514276891946792603e-02
8.318310230970382690e-02
8.115323632955551147e-02
7.906053960323333740e-02
7.710549980401992798e-02
7.492652535438537598e-02
7.268324494361877441e-02
7.034119218587875366e-02
6.795183569192886353e-02
6.536156684160232544e-02
6.278227269649505615e-02
6.050265580415725708e-02
5.785753205418586731e-02
5.496372282505035400e-02
5.189247801899909973e-02
4.864806681871414185e-02
4.513494670391082764e-02
4.144360870122909546e-02
3.759076073765754700e-02
3.373916447162628174e-02
2.973931282758712769e-02
2.563091553747653961e-02
2.153931558132171631e-02
1.742774061858654022e-02
1.332711335271596909e-02
9.182370267808437347e-03
5.093529354780912399e-03
9.511329117231070995e-04
-3.299603238701820374e-03
-7.462884299457073212e-03
-1.160652004182338715e-02
-1.588363014161586761e-02
-1.998366229236125946e-02
-2.406669408082962036e-02
-2.814917080104351044e-02
-3.223292902112007141e-02
-3.622991219162940979e-02
-4.025906324386596680e-02
-4.428502172231674194e-02
-4.816938564181327820e-02
-5.167622491717338562e-02
-5.478630214929580688e-02
-5.795880034565925598e-02
-6.135110929608345032e-02
-6.453747302293777466e-02
-6.755959242582321167e-02
-7.068955153226852417e-02
-7.341776788234710693e-02
-7.601475715637207031e-02
-7.851684838533401489e-02
-8.054459840059280396e-02
-8.273953944444656372e-02
-8.473228663206100464e-02
-8.643712848424911499e-02
-8.803702890872955322e-02
-8.925669640302658081e-02
-9.055392444133758545e-02
-9.121681749820709229e-02
-9.151804447174072266e-02
-9.183910489082336426e-02
-9.167619794607162476e-02
-9.120602905750274658e-02
-9.104769676923751831e-02
-9.034287184476852417e-02
-8.955908566713333130e-02
-8.880046010017395020e-02
-8.751320838928222656e-02
-8.636859059333801270e-02
-8.489253371953964233e-02
-8.336091786623001099e-02
-8.178443461656570435e-02
-8.005524426698684692e-02
-7.819410413503646851e-02
-7.643241435289382935e-02
-7.460597157478332520e-02
-7.258119434118270874e-02
-7.045029103755950928e-02
-6.821517646312713623e-02
-6.601329147815704346e-02
-6.359037756919860840e-02
-6.120064109563827515e-02
-5.884761735796928406e-02
-5.618995800614356995e-02
-5.366572737693786621e-02
-5.086491629481315613e-02
-4.811299219727516174e-02
-4.535783827304840088e-02
-4.236850142478942871e-02
-3.964560851454734802e-02
-3.706296160817146301e-02
-3.446760773658752441e-02
-3.155245259404182434e-02
-2.859832160174846649e-02
-2.557038143277168274e-02
-2.253937348723411560e-02
-1.945319958031177521e-02
-1.634070649743080139e-02
-1.319074537605047226e-02
-1.006733160465955734e-02
-6.917420774698257446e-03
-3.721528686583042145e-03
-5.233275587670505047e-04
2.699111821129918098e-03
5.907970946282148361e-03
9.240866638720035553e-03
1.257950067520141602e-02
1.582994498312473297e-02
1.904785633087158203e-02
2.233998849987983704e-02
2.559979818761348724e-02
2.884149551391601562e-02
3.207758069038391113e-02
3.528781980276107788e-02
3.851848468184471130e-02
4.163248836994171143e-02
4.487673193216323853e-02
4.755823686718940735e-02
4.967108741402626038e-02
5.216807872056961060e-02
5.469963699579238892e-02
5.715802684426307678e-02
5.952279642224311829e-02
6.187197566032409668e-02
6.407019495964050293e-02
6.591366976499557495e-02
6.764121353626251221e-02
6.959635764360427856e-02
7.113146036863327026e-02
7.250379025936126709e-02
7.394494861364364624e-02
7.519640028476715088e-02
7.619119435548782349e-02
7.684185355901718140e-02
7.754729688167572021e-02
7.796698808670043945e-02
7.809070497751235962e-02
7.794465124607086182e-02
7.784872502088546753e-02
7.723988592624664307e-02
7.641994208097457886e-02
7.569339126348495483e-02
7.462707161903381348e-02
7.357131689786911011e-02
7.244946062564849854e-02
7.129319012165069580e-02
6.984001398086547852e-02
6.823055446147918701e-02
6.678812950849533081e-02
6.543686985969543457e-02
6.387150287628173828e-02
6.216660141944885254e-02
6.062225997447967529e-02
5.913342162966728210e-02
5.752328038215637207e-02
5.591408163309097290e-02
5.432243645191192627e-02
5.263112857937812805e-02
5.088685080409049988e-02
4.903647676110267639e-02
4.704997316002845764e-02
4.497277736663818359e-02
4.274435341358184814e-02
4.043234512209892273e-02
3.804805874824523926e-02
3.556686267256736755e-02
3.333161771297454834e-02
3.118240274488925934e-02
2.880184911191463470e-02
2.622167393565177917e-02
2.344093658030033112e-02
2.063712477684020996e-02
1.770379208028316498e-02
1.470112428069114685e-02
1.168812159448862076e-02
8.586205542087554932e-03
5.530065391212701797e-03
2.410885645076632500e-03
-7.988724391907453537e-04
-3.933506086468696594e-03
-7.009102962911128998e-03
-1.020237896591424942e-02
-1.330312900245189667e-02
-1.636130735278129578e-02
-1.941253058612346649e-02
-2.253129333257675171e-02
-2.557985484600067139e-02
-2.857704088091850281e-02
-3.165400400757789612e-02
-3.467832505702972412e-02
-3.742041811347007751e-02
-3.997919708490371704e-02
-4.243978112936019897e-02
-4.498525708913803101e-02
-4.746236279606819153e-02
-4.968372732400894165e-02
-5.212649703025817871e-02
-5.425938963890075684e-02
-5.624916777014732361e-02
-5.813726782798767090e-02
-5.988015979528427124e-02
-6.146254017949104309e-02
-6.302362680435180664e-02
-6.440941989421844482e-02
-6.554746627807617188e-02
-6.674364954233169556e-02
-6.771481037139892578e-02
-6.827309727668762207e-02
-6.869787722826004028e-02
-6.902188807725906372e-02
-6.910397112369537354e-02
-6.912824511528015137e-02
-6.864959746599197388e-02
-6.838387250900268555e-02
-6.800137460231781006e-02
-6.706999987363815308e-02
-6.629647314548492432e-02
-6.538747251033782959e-02
-6.434344500303268433e-02
-6.309211999177932739e-02
-6.174407526850700378e-02
-6.036477908492088318e-02
-5.868638679385185242e-02
-5.709908902645111084e-02
-5.543814226984977722e-02
-5.368572473526000977e-02
-5.194422602653503418e-02
-4.994605481624603271e-02
-4.798362031579017639e-02
-4.604652523994445801e-02
-4.390788078308105469e-02
-4.182352498173713684e-02
-3.974213078618049622e-02
-3.746796026825904846e-02
-3.532082587480545044e-02
-3.336854651570320129e-02
-3.116952441632747650e-02
-2.869978547096252441e-02
-2.637491747736930847e-02
-2.395557798445224762e-02
-2.153482288122177124e-02
-1.923878490924835205e-02
-1.696273684501647949e-02
-1.471924409270286560e-02
-1.239588670432567596e-02
-1.004806999117136002e-02
-7.785950321704149246e-03
-5.417539738118648529e-03
-3.097517183050513268e-03
-8.148213964886963367e-04
1.455528894439339638e-03
3.664436051622033119e-03
5.854510702192783356e-03
7.419250439852476120e-03
8.823627606034278870e-03
1.051056012511253357e-02
1.230216026306152344e-02
1.423699967563152313e-02
1.630307734012603760e-02
1.843412779271602631e-02
2.062433399260044098e-02
2.279104478657245636e-02
2.515273168683052063e-02
2.741523459553718567e-02
2.956393174827098846e-02
3.174531832337379456e-02
3.410688787698745728e-02
3.621868416666984558e-02
3.776496648788452148e-02
3.959225863218307495e-02
4.125221073627471924e-02
4.281873255968093872e-02
4.464034736156463623e-02
4.626942798495292664e-02
4.769782349467277527e-02
4.908020421862602234e-02
5.022933706641197205e-02
5.124281346797943115e-02
5.221607536077499390e-02
5.325698852539062500e-02
5.382272973656654358e-02
5.454156175255775452e-02
5.528834089636802673e-02
5.573334544897079468e-02
5.613270029425621033e-02
5.611616000533103943e-02
5.606013163924217224e-02
5.589800700545310974e-02
5.576247721910476685e-02
5.510315671563148499e-02
5.435362458229064941e-02
5.372934043407440186e-02
5.274423956871032715e-02
5.162094533443450928e-02
5.053349956870079041e-02
4.925536364316940308e-02
4.792894795536994934e-02
4.660801962018013000e-02
4.520298168063163757e-02
4.365604743361473083e-02
4.205155372619628906e-02
4.072912037372589111e-02
3.932663425803184509e-02
3.793910145759582520e-02
3.652137145400047302e-02
3.506857901811599731e-02
3.363680467009544373e-02
3.219595924019813538e-02
3.074614703655242920e-02
2.918611839413642883e-02
2.755104564130306244e-02
2.600666694343090057e-02
2.438721619546413422e-02
2.269194088876247406e-02
2.096381410956382751e-02
1.915248855948448181e-02
1.737733185291290283e-02
1.551173068583011627e-02
1.372588612139225006e-02
1.188287511467933655e-02
9.971515275537967682e-03
8.019683882594108582e-03
6.055967882275581360e-03
4.180088173598051071e-03
2.244051080197095871e-03
3.296977083664387465e-04
-1.581597840413451195e-03
-3.537821816280484200e-03
-5.516606383025646210e-03
-7.436399348080158234e-03
-9.304619394242763519e-03
-1.128898281604051590e-02
-1.322483085095882416e-02
-1.504775881767272949e-02
-1.692583411931991577e-02
-1.884128712117671967e-02
-2.073114551603794098e-02
-2.250132337212562561e-02
-2.434634976089000702e-02
-2.607796899974346161e-02
-2.762214280664920807e-02
-2.922443486750125885e-02
-3.065124340355396271e-02
-3.202595561742782593e-02
-3.338472172617912292e-02
-3.469214215874671936e-02
-3.590082377195358276e-02
-3.693636134266853333e-02
-3.805446624755859375e-02
-3.897492587566375732e-02
-3.972088545560836792e-02
-4.045356810092926025e-02
-4.114267230033874512e-02
-4.173653945326805115e-02
-4.221734032034873962e-02
-4.246577620506286621e-02
-4.265948012471199036e-02
-4.291832074522972107e-02
-4.290051385760307312e-02
-4.275942966341972351e-02
-4.242977127432823181e-02
-4.221234843134880066e-02
-4.187479987740516663e-02
-4.135349765419960022e-02
-4.088573902845382690e-02
-4.023268446326255798e-02
-3.951144963502883911e-02
-3.874673321843147278e-02
-3.787923976778984070e-02
-3.686480224132537842e-02
-3.583577647805213928e-02
-3.478257358074188232e-02
-3.363422304391860962e-02
-3.251472115516662598e-02
-3.133926913142204285e-02
-3.011934459209442139e-02
-2.883408032357692719e-02
-2.746806293725967407e-02
-2.610274963080883026e-02
-2.457473054528236389e-02
-2.328018657863140106e-02
-2.186642214655876160e-02
-2.042287215590476990e-02
-1.911686174571514130e-02
-1.767473109066486359e-02
-1.624906249344348907e-02
-1.480933092534542084e-02
-1.344906724989414215e-02
-1.197965722531080246e-02
-1.056072302162647247e-02
-9.123822674155235291e-03
-7.810913957655429840e-03
-6.399321369826793671e-03
-4.969532135874032974e-03
-3.776102792471647263e-03
-2.420378848910331726e-03
-1.149728661403059959e-03
7.232007919810712337e-05
1.335929962806403637e-03
2.580216154456138611e-03
3.810726338997483253e-03
4.978098440915346146e-03
6.233816966414451599e-03
7.364285644143819809e-03
8.456592448055744171e-03
9.705695323646068573e-03
1.083428971469402313e-02
1.196896284818649292e-02
1.316424086689949036e-02
1.436773501336574554e-02
1.538522634655237198e-02
1.636698655784130096e-02
1.753706298768520355e-02
1.852908544242382050e-02
1.948625594377517700e-02
2.046133391559123993e-02
2.135863527655601501e-02
2.227863855659961700e-02
2.307261340320110321e-02
2.372404932975769043e-02
2.432231977581977844e-02
2.495558746159076691e-02
2.545821107923984528e-02
2.603768929839134216e-02
2.661523222923278809e-02
2.693475969135761261e-02
2.730368077754974365e-02
2.758294343948364258e-02
2.776766754686832428e-02
2.797305770218372345e-02
2.798719517886638641e-02
2.801473625004291534e-02
2.806755155324935913e-02
2.794934622943401337e-02
2.783944085240364075e-02
2.761894091963768005e-02
2.722844853997230530e-02
2.688311599195003510e-02
2.654183283448219299e-02
2.605415694415569305e-02
2.546591311693191528e-02
2.490094117820262909e-02
2.426641061902046204e-02
2.364474162459373474e-02
2.292290516197681427e-02
2.216738089919090271e-02
2.154337242245674133e-02
2.072001993656158447e-02
1.985130831599235535e-02
1.902617327868938446e-02
1.826217211782932281e-02
1.731139980256557465e-02
1.641163788735866547e-02
1.566199027001857758e-02
1.485353149473667145e-02
1.408671494573354721e-02
1.320225186645984650e-02
1.237084530293941498e-02
1.162712648510932922e-02
1.078977342694997787e-02
9.907519444823265076e-03
9.091616608202457428e-03
8.282816037535667419e-03
7.426148746162652969e-03
6.610312499105930328e-03
5.841407459229230881e-03
4.970095120370388031e-03
4.128447268158197403e-03
3.337732050567865372e-03
2.475879155099391937e-03
1.608279068022966385e-03
8.126244065351784229e-04
-3.277562063885852695e-05
-8.558812551200389862e-04
-1.596956746652722359e-03
-2.381286351010203362e-03
-3.151527140289545059e-03
-4.040202591568231583e-03
-4.813955165445804596e-03
-5.396178457885980606e-03
-6.196941249072551727e-03
-6.938247941434383392e-03
-7.543148938566446304e-03
-8.239320479333400726e-03
-8.961481042206287384e-03
-9.518395178020000458e-03
-1.015768293291330338e-02
-1.077295094728469849e-02
-1.134272385388612747e-02
-1.191362738609313965e-02
-1.233809720724821091e-02
-1.281052362173795700e-02
-1.332648657262325287e-02
-1.379057578742504120e-02
-1.408634055405855179e-02
-1.449852623045444489e-02
-1.493784412741661072e-02
-1.518505904823541641e-02
-1.544809434562921524e-02
-1.578099094331264496e-02
-1.591998524963855743e-02
-1.613019406795501709e-02
-1.628122664988040924e-02
-1.637859269976615906e-02
-1.641564816236495972e-02
-1.646349392831325531e-02
-1.651816628873348236e-02
-1.634338125586509705e-02
-1.625951379537582397e-02
-1.609884202480316162e-02
-1.600972563028335571e-02
-1.581962592899799347e-02
-1.546580530703067780e-02
-1.520612277090549469e-02
-1.494220551103353500e-02
-1.461276691406965256e-02
-1.420708466321229935e-02
-1.381540950387716293e-02
-1.342370454221963882e-02
-1.296872179955244064e-02
-1.250762771815061569e-02
-1.208142191171646118e-02
-1.163216587156057358e-02
-1.114134769886732101e-02
-1.067767851054668427e-02
-1.013796497136354446e-02
-9.624089114367961884e-03
-9.091081097722053528e-03
-8.549550548195838928e-03
-7.988676428794860840e-03
-7.366138044744729996e-03
-6.787731312215328217e-03
-6.241959985345602036e-03
-5.738965235650539398e-03
-5.138637498021125793e-03
-4.565453622490167618e-03
-3.983096685260534286e-03
-3.428536932915449142e-03
-2.856799867004156113e-03
-2.301027998328208923e-03
-1.818574150092899799e-03
-1.247306936420500278e-03
-7.624833378940820694e-04
-3.163745277561247349e-04
2.220797468908131123e-04
7.381269824691116810e-04
1.176851917989552021e-03
1.680279732681810856e-03
2.100199460983276367e-03
2.453164663165807724e-03
2.933056093752384186e-03
3.321197582408785820e-03
3.746898379176855087e-03
4.116279538720846176e-03
4.419604782015085220e-03
4.728367086499929428e-03
5.060396622866392136e-03
5.411147139966487885e-03
5.639598239213228226e-03
5.935499444603919983e-03
6.178949493914842606e-03
6.301357876509428024e-03
6.540726870298385620e-03
6.837887689471244812e-03
6.961123086512088776e-03
7.175376638770103455e-03
7.316712290048599243e-03
7.431503385305404663e-03
7.553687784820795059e-03
7.575620431452989578e-03
7.656116969883441925e-03
7.689933758229017258e-03
7.736184634268283844e-03
7.747320923954248428e-03
7.788871880620718002e-03
7.779409643262624741e-03
7.715699262917041779e-03
7.604714483022689819e-03
7.573771756142377853e-03
7.561780046671628952e-03
7.424679584801197052e-03
7.309916894882917404e-03
7.202920503914356232e-03
7.119120564311742783e-03
6.949640344828367233e-03
6.766712758690118790e-03
6.597990170121192932e-03
6.418195553123950958e-03
6.271965336054563522e-03
6.064108107239007950e-03
5.842903163284063339e-03
5.626510828733444214e-03
5.409409292042255402e-03
5.184960551559925079e-03
4.980492871254682541e-03
4.765637684613466263e-03
4.499481990933418274e-03
4.267414566129446030e-03
4.063983913511037827e-03
3.828612854704260826e-03
3.640656825155019760e-03
3.421203233301639557e-03