0.000000000000000000e+00
7.008278369903564453e-02
1.398209184408187866e-01
2.088714838027954102e-01
2.768948674201965332e-01
3.435565829277038574e-01
4.085288643836975098e-01
4.714920818805694580e-01
5.321366786956787109e-01
5.901644825935363770e-01
6.452899575233459473e-01
6.972422003746032715e-01
7.457656860351562500e-01
7.906216979026794434e-01
8.315896987915039062e-01
8.684682846069335938e-01
9.010760784149169922e-01
9.292526245117187500e-01
9.528595209121704102e-01
9.717805981636047363e-01
9.859226942062377930e-01
9.952164888381958008e-01
9.996160864830017090e-01
9.990999698638916016e-01
9.936706423759460449e-01
9.833548069000244141e-01
9.682031273841857910e-01
9.482902288436889648e-01
9.237139225006103516e-01
8.945952057838439941e-01
8.610770702362060547e-01
8.233246803283691406e-01
7.815232276916503906e-01
7.358785867691040039e-01
6.866153478622436523e-01
6.339753270149230957e-01
5.782176852226257324e-01
5.196166038513183594e-01
4.584601521492004395e-01
3.950496315956115723e-01
3.296959698200225830e-01
2.627209722995758057e-01
1.944539994001388550e-01
1.252310127019882202e-01
5.539194494485855103e-02
-1.471951883286237717e-02
-8.475836366415023804e-02
-1.543806344270706177e-01
-2.232436984777450562e-01
-2.910089492797851562e-01
-3.573426604270935059e-01
-4.219195544719696045e-01
-4.844215810298919678e-01
-5.445414185523986816e-01
-6.019831299781799316e-01
-6.564647555351257324e-01
-7.077180743217468262e-01
-7.554909586906433105e-01
-7.995488047599792480e-01
-8.396746516227722168e-01
-8.756713271141052246e-01
-9.073615670204162598e-01
-9.345899224281311035e-01
-9.572222828865051270e-01
-9.751473665237426758e-01
-9.882770180702209473e-01
-9.965466856956481934e-01
-9.999156594276428223e-01
-9.983673691749572754e-01
-9.919095039367675781e-01
-9.805737733840942383e-01
-9.644159674644470215e-01
-9.435154199600219727e-01
-9.179752469062805176e-01
-8.879203796386718750e-01
-8.534994125366210938e-01
-8.148807883262634277e-01
-7.722554206848144531e-01
-7.258324027061462402e-01
-6.758397221565246582e-01
-6.225234866142272949e-01
-5.661458373069763184e-01
-5.069841146469116211e-01
-4.453292489051818848e-01
-3.814843893051147461e-01
-3.157639801502227783e-01
-2.484902888536453247e-01
-1.799946278333663940e-01
-1.106138005852699280e-01
-4.068902507424354553e-02
2.943584881722927094e-02
9.941596537828445435e-02
1.689067184925079346e-01
2.375673204660415649e-01
3.050596714019775391e-01
3.710518181324005127e-01
4.352192580699920654e-01
4.972464442253112793e-01
5.568283796310424805e-01
6.136719584465026855e-01
6.674970388412475586e-01
7.180407047271728516e-01
7.650526165962219238e-01
8.083028793334960938e-01
8.475776314735412598e-01
8.826847672462463379e-01
9.134507179260253906e-01
9.397247433662414551e-01
9.613776803016662598e-01
9.783028960227966309e-01
9.904171824455261230e-01
9.976609349250793457e-01
9.999985098838806152e-01
9.974184632301330566e-01
9.899334907531738281e-01
9.775804877281188965e-01
9.604198336601257324e-01
9.385361075401306152e-01
9.120373725891113281e-01
8.810535669326782227e-01
8.457366228103637695e-01
8.062605261802673340e-01
7.628207206726074219e-01
7.156285047531127930e-01
6.649176478385925293e-01
6.109363436698913574e-01
5.539513230323791504e-01
4.942414462566375732e-01
4.321018457412719727e-01
3.678373694419860840e-01
3.017630875110626221e-01
2.342057675123214722e-01
1.654957681894302368e-01
9.597286581993103027e-02
2.597704902291297913e-02
-4.414556175470352173e-02
-1.140510812401771545e-01
-1.833966821432113647e-01
-2.518394589424133301e-01
-3.190447092056274414e-01
-3.846801221370697021e-01
-4.484246671199798584e-01
-5.099631547927856445e-01
-5.689938664436340332e-01
-6.252272725105285645e-01
-6.783852577209472656e-01
-7.282072305679321289e-01
-7.744487524032592773e-01
-8.168817758560180664e-01
-8.552971482276916504e-01
-8.895064592361450195e-01
-9.193419814109802246e-01
-9.446563720703125000e-01
-9.653249979019165039e-01
-9.812465310096740723e-01
-9.923427104949951172e-01
-9.985589981079101562e-01
-9.998646974563598633e-01
-9.962534904479980469e-01
-9.877429008483886719e-01
-9.743751287460327148e-01
-9.562155008316040039e-01
-9.333538413047790527e-01
-9.059018492698669434e-01
-8.739954233169555664e-01
-8.377904891967773438e-01
-7.974660992622375488e-01
-7.532195448875427246e-01
-7.052694559097290039e-01
-6.538519263267517090e-01
-5.992175340652465820e-01
-5.416364073753356934e-01
-4.813924729824066162e-01
-4.187812507152557373e-01
-3.541097640991210938e-01
-2.876968383789062500e-01
-2.198700308799743652e-01
-1.509620100259780884e-01
-8.131065964698791504e-02
-1.125944498926401138e-02
5.884618684649467468e-02
1.286624372005462646e-01
1.978469192981719971e-01
2.660584449768066406e-01
3.329597413539886475e-01
3.982246220111846924e-01
4.615320563316345215e-01
5.225690007209777832e-01
5.810369253158569336e-01
6.366466879844665527e-01
6.891264319419860840e-01
7.382166385650634766e-01
7.836771011352539062e-01
8.252831697463989258e-01
8.628313541412353516e-01
8.961358666419982910e-01
9.250339865684509277e-01
9.493827223777770996e-01
9.690630435943603516e-01
9.839773774147033691e-01
9.940532445907592773e-01
9.992407560348510742e-01
9.995142817497253418e-01
9.948725700378417969e-01
9.853384494781494141e-01
9.709586501121520996e-01
9.518039822578430176e-01
9.279689192771911621e-01
8.995705246925354004e-01
8.667479157447814941e-01
8.296628594398498535e-01
7.884983420372009277e-01
7.434563636779785156e-01
6.947583556175231934e-01
6.426438093185424805e-01
5.873681902885437012e-01
5.292049050331115723e-01
4.684383869171142578e-01
4.053690731525421143e-01
3.403054177761077881e-01
2.735691666603088379e-01
2.054866701364517212e-01
1.363945901393890381e-01
6.663083285093307495e-02
-3.459645435214042664e-03
-7.353405654430389404e-02
-1.432459056377410889e-01
-2.122542709112167358e-01
-2.802169919013977051e-01
-3.468035459518432617e-01
-4.116828739643096924e-01
-4.745394587516784668e-01
-5.350623726844787598e-01
-5.929540395736694336e-01
-6.479296684265136719e-01
-6.997176408767700195e-01
-7.480660676956176758e-01
-7.927356362342834473e-01
-8.335057497024536133e-01
-8.701781034469604492e-01
-9.025711417198181152e-01
-9.305255413055419922e-01
-9.539039134979248047e-01
-9.725908637046813965e-01
-9.864950776100158691e-01
-9.955484271049499512e-01
-9.997059702873229980e-01
-9.989472031593322754e-01
-9.932761788368225098e-01
-9.827203750610351562e-01
-9.673318266868591309e-01
-9.471861720085144043e-01
-9.223833084106445312e-01
-8.930438160896301270e-01
-8.593125343322753906e-01
-8.213554620742797852e-01
-7.793603539466857910e-01
-7.335327863693237305e-01
-6.840966939926147461e-01
-6.312963962554931641e-01
-5.753915905952453613e-01
-5.166571140289306641e-01
-4.553836286067962646e-01
-3.918690383434295654e-01
-3.264273405075073242e-01
-2.593822181224822998e-01
-1.910596936941146851e-01
-1.217976137995719910e-01
-5.193656682968139648e-02
1.817989349365234375e-02
8.820504695177078247e-02
1.577983498573303223e-01
2.266137748956680298e-01
2.943166494369506836e-01
3.605721890926361084e-01
4.250527918338775635e-01
4.874448776245117188e-01
5.474398732185363770e-01
6.047426462173461914e-01
6.590700745582580566e-01
7.101579308509826660e-01
7.577533721923828125e-01
8.016224503517150879e-01
8.415482640266418457e-01
8.773368000984191895e-01
9.088107943534851074e-01
9.358148574829101562e-01
9.582176208496093750e-01
9.759081602096557617e-01
9.887991547584533691e-01
9.968279600143432617e-01
9.999545812606811523e-01
9.981638789176940918e-01
9.914644360542297363e-01
9.798893332481384277e-01
9.634953737258911133e-01
9.423632025718688965e-01
9.165974855422973633e-01
8.863236308097839355e-01
8.516910076141357422e-01
8.128711581230163574e-01
7.700528502464294434e-01
7.234476208686828613e-01
6.732847094535827637e-01
6.198107004165649414e-01
5.632902979850769043e-01
5.039982199668884277e-01
4.422276616096496582e-01
3.782840967178344727e-01
3.124803304672241211e-01
2.451381385326385498e-01
1.765922755002975464e-01
1.071761474013328552e-01
3.723295405507087708e-02
-3.289334103465080261e-02
-1.028578802943229675e-01
-1.723147034645080566e-01
-2.409260421991348267e-01
-3.083525598049163818e-01
-3.742609322071075439e-01
-4.383305907249450684e-01
-5.002446770668029785e-01
-5.596987009048461914e-01
-6.164003014564514160e-01
-6.700691580772399902e-01
-7.204443216323852539e-01
-7.672765254974365234e-01
-8.103343844413757324e-01
-8.494084477424621582e-01
-8.843054175376892090e-01
-9.148535728454589844e-01
-9.409027099609375000e-01
-9.623242616653442383e-01
-9.790139794349670410e-01
-9.908892512321472168e-01
-9.978914260864257812e-01
-9.999865293502807617e-01
-9.971639513969421387e-01
-9.894381761550903320e-01
-9.768463373184204102e-01
-9.594506621360778809e-01
-9.373366236686706543e-01
-9.106130599975585938e-01
-8.794122934341430664e-01
-8.438859581947326660e-01
-8.042097091674804688e-01
-7.605797648429870605e-01
-7.132083773612976074e-01
-6.623296141624450684e-01
-6.081937551498413086e-01
-5.510669350624084473e-01
-4.912317693233489990e-01
-4.289792776107788086e-01
-3.646171987056732178e-01
-2.984638214111328125e-01
-2.308409512042999268e-01
-1.620828509330749512e-01
-9.252766519784927368e-02
-2.251746319234371185e-02
4.760156944394111633e-02
1.174884214997291565e-01
1.867974847555160522e-01
2.551861107349395752e-01
3.223216533660888672e-01
3.878721296787261963e-01
4.515151381492614746e-01
5.129377245903015137e-01
5.718346834182739258e-01
6.279228329658508301e-01
6.809229850769042969e-01
7.305732965469360352e-01
7.766322493553161621e-01
8.188719153404235840e-01
8.570836186408996582e-01
8.910815119743347168e-01
9.206973314285278320e-01
9.457854032516479492e-01
9.662223458290100098e-01
9.819073677062988281e-01
9.927641153335571289e-01
9.987387061119079590e-01
9.998018145561218262e-01
9.959483146667480469e-01
9.871969819068908691e-01
9.735909104347229004e-01
9.551969766616821289e-01
9.321063756942749023e-01
9.044313430786132812e-01
8.723085522651672363e-01
8.358970880508422852e-01
7.953739166259765625e-01
7.509393692016601562e-01
7.028118968009948730e-01
6.512281894683837891e-01
5.964434742927551270e-01
5.387241244316101074e-01
4.783555269241333008e-01
4.156379699707031250e-01
3.508730530738830566e-01
2.843826413154602051e-01
2.164956033229827881e-01
1.475420445203781128e-01
7.786293327808380127e-02
7.800905033946037292e-03
-6.229948252439498901e-02
-1.320916116237640381e-01
-2.012360543012619019e-01
-2.693908810615539551e-01
-3.362191021442413330e-01
-4.013957381248474121e-01
-4.645984172821044922e-01
-5.255163311958312988e-01
-5.838499069213867188e-01
-6.393108367919921875e-01
-6.916293501853942871e-01
-7.405465841293334961e-01
-7.858208417892456055e-01
-8.272319436073303223e-01
-8.645749688148498535e-01
-8.976662755012512207e-01
-9.263430833816528320e-01
-9.504637718200683594e-01
-9.699110984802246094e-01
-9.845886826515197754e-01
-9.944241046905517578e-01
-9.993695616722106934e-01
-9.994004964828491211e-01
-9.945169091224670410e-01
-9.847424626350402832e-01
-9.701253771781921387e-01
-9.507374763488769531e-01
-9.266741275787353516e-01
-8.980544805526733398e-01
-8.650177121162414551e-01
-8.277270197868347168e-01
-7.863669991493225098e-01
-7.411388158798217773e-01
-6.922658681869506836e-01
-6.399885416030883789e-01
-5.845639705657958984e-01
-5.262662768363952637e-01
-4.653789997100830078e-01
-4.022031128406524658e-01
-3.370511233806610107e-01
-2.702398598194122314e-01
-2.020996212959289551e-01
-1.329655200242996216e-01
-6.317752599716186523e-02
6.919249426573514938e-03
7.698389887809753418e-02
1.466699689626693726e-01
2.156328856945037842e-01
2.835372686386108398e-01
3.500472903251647949e-01
4.148358702659606934e-01
4.775810837745666504e-01
5.379811525344848633e-01
5.957355499267578125e-01
6.505603194236755371e-01
7.021857500076293945e-01
7.503556013107299805e-01
7.948380708694458008e-01
8.354117274284362793e-01
8.718771338462829590e-01
9.040548205375671387e-01
9.317866563796997070e-01
9.549362063407897949e-01
9.733896851539611816e-01
9.870562553405761719e-01
9.958684444427490234e-01
9.997838735580444336e-01
9.987825751304626465e-01
9.928696155548095703e-01
9.820739626884460449e-01
9.664487242698669434e-01
9.460707902908325195e-01
9.210417866706848145e-01
8.914821743965148926e-01
8.575384616851806641e-01
8.193776607513427734e-01
7.771873474121093750e-01
7.311750650405883789e-01
6.815670728683471680e-01
6.286072731018066406e-01
5.725561976432800293e-01
5.136927366256713867e-01
4.522999525070190430e-01
3.886828720569610596e-01
3.231579661369323730e-01
2.560403347015380859e-01
1.876635849475860596e-01
1.183639466762542725e-01
4.848223179578781128e-02
-2.163790538907051086e-02
-9.165163338184356689e-02
-1.612108796834945679e-01
-2.299811244010925293e-01
-2.976204156875610352e-01
-3.637960553169250488e-01
-4.281826615333557129e-01
